460.000000 -0.000193
462.000000 0.001961
464.000000 0.002483
466.000000 0.000746
468.000000 0.003853
470.000000 0.010593
472.000000 0.012808
474.000000 0.015518
476.000000 0.018094
478.000000 0.025666
480.000000 0.042057
482.000000 0.061403
484.000000 0.076467
486.000000 0.098736
488.000000 0.130977
490.000000 0.164202
492.000000 0.201145
494.000000 0.242532
496.000000 0.286511
498.000000 0.338933
500.000000 0.394645
502.000000 0.460592
504.000000 0.529881
506.000000 0.567030
508.000000 0.622264
510.000000 0.670148
512.000000 0.682729
514.000000 0.713997
516.000000 0.757871
518.000000 0.777972
520.000000 0.792680
522.000000 0.811845
524.000000 0.817609
526.000000 0.834024
528.000000 0.833372
530.000000 0.828176
532.000000 0.843873
534.000000 0.842605
536.000000 0.850271
538.000000 0.850259
540.000000 0.845242
542.000000 0.841493
544.000000 0.827348
546.000000 0.829379
548.000000 0.794290
550.000000 0.751009
552.000000 0.735255
554.000000 0.727280
556.000000 0.730619
558.000000 0.731267
560.000000 0.730726
562.000000 0.730933
564.000000 0.699412
566.000000 0.678311
568.000000 0.681823
570.000000 0.653320
572.000000 0.635514
574.000000 0.632103
576.000000 0.583239
578.000000 0.540569
580.000000 0.530480
582.000000 0.525995
584.000000 0.516103
586.000000 0.490240
588.000000 0.452164
590.000000 0.429558
592.000000 0.428956
594.000000 0.413510
596.000000 0.384630
598.000000 0.367035
600.000000 0.357510
602.000000 0.342240
604.000000 0.328270
606.000000 0.318672
608.000000 0.294268
610.000000 0.285608
612.000000 0.292200
614.000000 0.270904
616.000000 0.224196
618.000000 0.213392
620.000000 0.223683
622.000000 0.207568
624.000000 0.206194
626.000000 0.203081
628.000000 0.172100
630.000000 0.156206
632.000000 0.144967
634.000000 0.107528
636.000000 0.082110
638.000000 0.075235
640.000000 0.074415
642.000000 0.067520
644.000000 0.040560
646.000000 0.041729
648.000000 0.070241
650.000000 0.080583
