460.000000 0.011652
462.000000 0.005821
464.000000 0.025136
466.000000 0.033461
468.000000 0.014868
470.000000 0.012426
472.000000 0.015360
474.000000 0.018027
476.000000 0.027713
478.000000 0.039976
480.000000 0.047320
482.000000 0.060154
484.000000 0.077040
486.000000 0.098231
488.000000 0.121430
490.000000 0.151187
492.000000 0.194555
494.000000 0.240173
496.000000 0.296575
498.000000 0.353182
500.000000 0.409578
502.000000 0.469168
504.000000 0.508658
506.000000 0.561007
508.000000 0.621505
510.000000 0.656113
512.000000 0.712990
514.000000 0.768891
516.000000 0.782712
518.000000 0.778830
520.000000 0.787162
522.000000 0.800492
524.000000 0.811355
526.000000 0.821880
528.000000 0.829008
530.000000 0.852105
532.000000 0.854883
534.000000 0.819709
536.000000 0.810601
538.000000 0.828771
540.000000 0.826528
542.000000 0.858362
544.000000 0.878078
546.000000 0.848677
548.000000 0.827263
550.000000 0.828464
552.000000 0.830312
554.000000 0.801050
556.000000 0.776516
558.000000 0.764365
560.000000 0.745921
562.000000 0.732490
564.000000 0.708230
566.000000 0.662266
568.000000 0.642576
570.000000 0.638266
572.000000 0.630860
574.000000 0.627368
576.000000 0.610211
578.000000 0.585857
580.000000 0.577019
582.000000 0.563309
584.000000 0.519066
586.000000 0.477534
588.000000 0.451482
590.000000 0.433257
592.000000 0.416977
594.000000 0.393800
596.000000 0.367143
598.000000 0.359201
600.000000 0.357071
602.000000 0.334835
604.000000 0.314042
606.000000 0.302774
608.000000 0.285436
610.000000 0.265522
612.000000 0.257489
614.000000 0.258667
616.000000 0.258785
618.000000 0.234559
620.000000 0.212626
622.000000 0.210372
624.000000 0.209230
626.000000 0.192358
628.000000 0.177088
630.000000 0.174133
632.000000 0.154331
634.000000 0.158679
636.000000 0.163067
638.000000 0.146045
640.000000 0.144081
642.000000 0.129661
644.000000 0.102190
646.000000 0.086895
648.000000 0.083576
650.000000 0.083282