460.000000 0.005936
462.000000 0.010021
464.000000 0.005258
466.000000 -0.000376
468.000000 -0.000206
470.000000 0.003626
472.000000 0.014216
474.000000 0.021325
476.000000 0.019832
478.000000 0.028208
480.000000 0.045013
482.000000 0.060910
484.000000 0.071461
486.000000 0.085261
488.000000 0.121449
490.000000 0.162091
492.000000 0.199571
494.000000 0.238285
496.000000 0.294238
498.000000 0.354214
500.000000 0.398338
502.000000 0.438013
504.000000 0.481265
506.000000 0.549732
508.000000 0.615031
510.000000 0.659553
512.000000 0.694140
514.000000 0.715182
516.000000 0.732225
518.000000 0.760195
520.000000 0.782617
522.000000 0.790539
524.000000 0.800513
526.000000 0.802226
528.000000 0.796868
530.000000 0.815521
532.000000 0.822518
534.000000 0.824425
536.000000 0.840090
538.000000 0.826698
540.000000 0.810696
542.000000 0.813976
544.000000 0.812222
546.000000 0.804153
548.000000 0.801067
550.000000 0.795745
552.000000 0.780526
554.000000 0.770978
556.000000 0.781065
558.000000 0.762162
560.000000 0.733551
562.000000 0.720662
564.000000 0.686091
566.000000 0.662167
568.000000 0.660189
570.000000 0.649094
572.000000 0.638224
574.000000 0.613828
576.000000 0.583316
578.000000 0.583517
580.000000 0.560248
582.000000 0.495304
584.000000 0.477208
586.000000 0.486140
588.000000 0.469505
590.000000 0.442279
592.000000 0.417185
594.000000 0.387667
596.000000 0.376272
598.000000 0.369497
600.000000 0.349583
602.000000 0.328654
604.000000 0.323523
606.000000 0.321571
608.000000 0.294925
610.000000 0.286882
612.000000 0.284252
614.000000 0.276969
616.000000 0.260676
618.000000 0.235214
620.000000 0.224757
622.000000 0.220335
624.000000 0.210702
626.000000 0.184049
628.000000 0.165547
630.000000 0.175613
632.000000 0.151896
634.000000 0.125331
636.000000 0.118296
638.000000 0.103490
640.000000 0.109690
642.000000 0.096605
644.000000 0.068043
646.000000 0.059858
648.000000 0.058391
650.000000 0.058475
