460.000000 0.011741
462.000000 0.005886
464.000000 0.001899
466.000000 -0.003393
468.000000 -0.003127
470.000000 0.006294
472.000000 0.013125
474.000000 0.017045
476.000000 0.023655
478.000000 0.043989
480.000000 0.058007
482.000000 0.062323
484.000000 0.075956
486.000000 0.091203
488.000000 0.115678
490.000000 0.152553
492.000000 0.201621
494.000000 0.242107
496.000000 0.284297
498.000000 0.335445
500.000000 0.378758
502.000000 0.439965
504.000000 0.510030
506.000000 0.550840
508.000000 0.601356
510.000000 0.664477
512.000000 0.689363
514.000000 0.725045
516.000000 0.766266
518.000000 0.782561
520.000000 0.779917
522.000000 0.787152
524.000000 0.818374
526.000000 0.836607
528.000000 0.844285
530.000000 0.854066
532.000000 0.847542
534.000000 0.837176
536.000000 0.851450
538.000000 0.837077
540.000000 0.804316
542.000000 0.816004
544.000000 0.831905
546.000000 0.839989
548.000000 0.821475
550.000000 0.794777
552.000000 0.791969
554.000000 0.791062
556.000000 0.792841
558.000000 0.758817
560.000000 0.736419
562.000000 0.728705
564.000000 0.702897
566.000000 0.691606
568.000000 0.673963
570.000000 0.656295
572.000000 0.628974
574.000000 0.594356
576.000000 0.574448
578.000000 0.556420
580.000000 0.546752
582.000000 0.515924
584.000000 0.501772
586.000000 0.516796
588.000000 0.488805
590.000000 0.453703
592.000000 0.426532
594.000000 0.408791
596.000000 0.420459
598.000000 0.398107
600.000000 0.354718
602.000000 0.331787
604.000000 0.310078
606.000000 0.283934
608.000000 0.274366
610.000000 0.271198
612.000000 0.254063
614.000000 0.251813
616.000000 0.250195
618.000000 0.226125
620.000000 0.220907
622.000000 0.222789
624.000000 0.202925
626.000000 0.172946
628.000000 0.165826
630.000000 0.165136
632.000000 0.139685
634.000000 0.120024
636.000000 0.116341
638.000000 0.117721
640.000000 0.103812
642.000000 0.076409
644.000000 0.068971
646.000000 0.077017
648.000000 0.081493
650.000000 0.083815
