460.000000 -0.000163
462.000000 0.001901
464.000000 0.000518
466.000000 0.000035
468.000000 0.005633
470.000000 0.011131
472.000000 0.011107
474.000000 0.012738
476.000000 0.022130
478.000000 0.026908
480.000000 0.035347
482.000000 0.060827
484.000000 0.091919
486.000000 0.110951
488.000000 0.122314
490.000000 0.140600
492.000000 0.181347
494.000000 0.236603
496.000000 0.281766
498.000000 0.336496
500.000000 0.408208
502.000000 0.462494
504.000000 0.505722
506.000000 0.554543
508.000000 0.616613
510.000000 0.661715
512.000000 0.677379
514.000000 0.705905
516.000000 0.746999
518.000000 0.771545
520.000000 0.801815
522.000000 0.821301
524.000000 0.837209
526.000000 0.859196
528.000000 0.849446
530.000000 0.843023
532.000000 0.848904
534.000000 0.844061
536.000000 0.828435
538.000000 0.816480
540.000000 0.827645
542.000000 0.842101
544.000000 0.851656
546.000000 0.838279
548.000000 0.807402
550.000000 0.790207
552.000000 0.770756
554.000000 0.763357
556.000000 0.748644
558.000000 0.730166
560.000000 0.718295
562.000000 0.708351
564.000000 0.712224
566.000000 0.706347
568.000000 0.689703
570.000000 0.665181
572.000000 0.634069
574.000000 0.606809
576.000000 0.593013
578.000000 0.592516
580.000000 0.571939
582.000000 0.538709
584.000000 0.499815
586.000000 0.498344
588.000000 0.501207
590.000000 0.461287
592.000000 0.447326
594.000000 0.435496
596.000000 0.399341
598.000000 0.385753
600.000000 0.375085
602.000000 0.350367
604.000000 0.341035
606.000000 0.328760
608.000000 0.301951
610.000000 0.289703
612.000000 0.269259
614.000000 0.250445
616.000000 0.247707
618.000000 0.223063
620.000000 0.218766
622.000000 0.220687
624.000000 0.201477
626.000000 0.206109
628.000000 0.192186
630.000000 0.163919
632.000000 0.170016
634.000000 0.168748
636.000000 0.142983
638.000000 0.130113
640.000000 0.121071
642.000000 0.104379
644.000000 0.100627
646.000000 0.084305
648.000000 0.063019
650.000000 0.056444
