460.000000 0.006004
462.000000 0.001998
464.000000 0.004472
466.000000 0.007151
468.000000 0.006143
470.000000 0.011632
472.000000 0.018963
474.000000 0.028444
476.000000 0.038520
478.000000 0.048480
480.000000 0.067457
482.000000 0.096965
484.000000 0.127860
486.000000 0.155946
488.000000 0.187593
490.000000 0.231639
492.000000 0.290615
494.000000 0.357731
496.000000 0.444974
498.000000 0.535710
500.000000 0.613871
502.000000 0.681757
504.000000 0.748573
506.000000 0.821614
508.000000 0.902452
510.000000 0.962780
512.000000 1.000437
514.000000 1.043460
516.000000 1.091129
518.000000 1.146323
520.000000 1.193452
522.000000 1.215291
524.000000 1.231237
526.000000 1.255786
528.000000 1.264782
530.000000 1.256468
532.000000 1.255097
534.000000 1.250757
536.000000 1.228856
538.000000 1.227892
540.000000 1.228196
542.000000 1.225404
544.000000 1.242953
546.000000 1.247800
548.000000 1.243277
550.000000 1.222114
552.000000 1.193857
554.000000 1.175804
556.000000 1.141258
558.000000 1.110652
560.000000 1.101504
562.000000 1.075764
564.000000 1.052881
566.000000 1.047092
568.000000 1.021557
570.000000 1.007640
572.000000 0.976961
574.000000 0.937112
576.000000 0.920209
578.000000 0.886811
580.000000 0.843163
582.000000 0.805446
584.000000 0.785116
586.000000 0.766392
588.000000 0.725576
590.000000 0.720178
592.000000 0.695209
594.000000 0.643368
596.000000 0.623904
598.000000 0.560875
600.000000 0.501624
602.000000 0.495432
604.000000 0.495840
606.000000 0.497472
608.000000 0.473162
610.000000 0.429431
612.000000 0.421698
614.000000 0.398927
616.000000 0.365320
618.000000 0.360203
620.000000 0.352707
622.000000 0.314460
624.000000 0.289829
626.000000 0.313456
628.000000 0.313333
630.000000 0.284357
632.000000 0.258777
634.000000 0.227057
636.000000 0.214110
638.000000 0.191573
640.000000 0.173462
642.000000 0.186619
644.000000 0.177884
646.000000 0.161222
648.000000 0.158789
650.000000 0.159541
