460.000000 -0.000122
462.000000 0.001861
464.000000 0.002426
466.000000 0.004487
468.000000 0.014669
470.000000 0.025400
472.000000 0.034298
474.000000 0.048201
476.000000 0.059462
478.000000 0.078848
480.000000 0.112515
482.000000 0.152253
484.000000 0.199010
486.000000 0.247098
488.000000 0.305397
490.000000 0.380528
492.000000 0.480568
494.000000 0.588717
496.000000 0.704147
498.000000 0.841802
500.000000 0.981245
502.000000 1.104268
504.000000 1.227892
506.000000 1.336519
508.000000 1.446181
510.000000 1.553959
512.000000 1.634018
514.000000 1.735845
516.000000 1.845181
518.000000 1.889735
520.000000 1.920968
522.000000 1.968930
524.000000 1.966417
526.000000 1.959311
528.000000 1.995456
530.000000 2.014191
532.000000 2.013378
534.000000 2.017529
536.000000 2.034299
538.000000 2.055431
540.000000 2.024621
542.000000 1.972734
544.000000 1.949985
546.000000 1.958507
548.000000 1.951209
550.000000 1.957184
552.000000 1.983500
554.000000 1.957655
556.000000 1.916618
558.000000 1.858794
560.000000 1.812984
562.000000 1.777430
564.000000 1.719768
566.000000 1.660518
568.000000 1.616178
570.000000 1.567029
572.000000 1.511722
574.000000 1.473811
576.000000 1.453467
578.000000 1.427953
580.000000 1.375287
582.000000 1.313356
584.000000 1.243870
586.000000 1.206602
588.000000 1.157425
590.000000 1.071302
592.000000 1.024078
594.000000 1.002583
596.000000 0.953387
598.000000 0.935206
600.000000 0.937606
602.000000 0.882185
604.000000 0.825552
606.000000 0.795288
608.000000 0.777484
610.000000 0.740498
612.000000 0.700888
614.000000 0.655255
616.000000 0.617180
618.000000 0.613640
620.000000 0.601992
622.000000 0.581264
624.000000 0.548520
626.000000 0.503865
628.000000 0.471693
630.000000 0.457534
632.000000 0.431194
634.000000 0.401299
636.000000 0.378091
638.000000 0.380147
640.000000 0.399649
642.000000 0.383527
644.000000 0.341637
646.000000 0.324666
648.000000 0.326128
650.000000 0.329859
