460.000000 -0.000125
462.000000 0.003953
464.000000 0.003226
466.000000 -0.000965
468.000000 0.003467
470.000000 0.019936
472.000000 0.032553
474.000000 0.038463
476.000000 0.047221
478.000000 0.067362
480.000000 0.089762
482.000000 0.112846
484.000000 0.157217
486.000000 0.215995
488.000000 0.270747
490.000000 0.343758
492.000000 0.437029
494.000000 0.516207
496.000000 0.610099
498.000000 0.722769
500.000000 0.851188
502.000000 0.950487
504.000000 1.024444
506.000000 1.137458
508.000000 1.247971
510.000000 1.328930
512.000000 1.415883
514.000000 1.509277
516.000000 1.560677
518.000000 1.599460
520.000000 1.640687
522.000000 1.668876
524.000000 1.680464
526.000000 1.668703
528.000000 1.686550
530.000000 1.695840
532.000000 1.695776
534.000000 1.724875
536.000000 1.718517
538.000000 1.714987
540.000000 1.722502
542.000000 1.715719
544.000000 1.708475
546.000000 1.703249
548.000000 1.706532
550.000000 1.657647
552.000000 1.614722
554.000000 1.619322
556.000000 1.589215
558.000000 1.557473
560.000000 1.533872
562.000000 1.496809
564.000000 1.454445
566.000000 1.428076
568.000000 1.389701
570.000000 1.348346
572.000000 1.303188
574.000000 1.276057
576.000000 1.288571
578.000000 1.225884
580.000000 1.169966
582.000000 1.134446
584.000000 1.096283
586.000000 1.066259
588.000000 1.006166
590.000000 0.947688
592.000000 0.898159
594.000000 0.859161
596.000000 0.807499
598.000000 0.749067
600.000000 0.711626
602.000000 0.685146
604.000000 0.681904
606.000000 0.682652
608.000000 0.640549
610.000000 0.591162
612.000000 0.551754
614.000000 0.519173
616.000000 0.498053
618.000000 0.472604
620.000000 0.438551
622.000000 0.416469
624.000000 0.391800
626.000000 0.392015
628.000000 0.390298
630.000000 0.379793
632.000000 0.382445
634.000000 0.377031
636.000000 0.330043
638.000000 0.283371
640.000000 0.290008
642.000000 0.274098
644.000000 0.239805
646.000000 0.223429
648.000000 0.221753
650.000000 0.223386
