460.000000 0.017377
462.000000 0.011841
464.000000 0.005856
466.000000 0.003833
468.000000 0.008877
470.000000 0.014180
472.000000 0.017621
474.000000 0.022284
476.000000 0.025508
478.000000 0.028195
480.000000 0.029033
482.000000 0.032714
484.000000 0.039015
486.000000 0.053245
488.000000 0.066694
490.000000 0.084004
492.000000 0.106226
494.000000 0.124698
496.000000 0.152804
498.000000 0.171958
500.000000 0.184590
502.000000 0.210162
504.000000 0.243268
506.000000 0.267054
508.000000 0.296107
510.000000 0.330912
512.000000 0.345527
514.000000 0.364649
516.000000 0.395524
518.000000 0.406019
520.000000 0.406975
522.000000 0.402424
524.000000 0.401198
526.000000 0.410757
528.000000 0.400949
530.000000 0.400451
532.000000 0.409651
534.000000 0.400835
536.000000 0.398232
538.000000 0.406439
540.000000 0.398828
542.000000 0.397316
544.000000 0.404358
546.000000 0.402344
548.000000 0.399575
550.000000 0.382535
552.000000 0.379355
554.000000 0.388039
556.000000 0.386290
558.000000 0.369844
560.000000 0.347257
562.000000 0.349253
564.000000 0.349211
566.000000 0.334305
568.000000 0.318102
570.000000 0.308785
572.000000 0.294902
574.000000 0.291305
576.000000 0.295185
578.000000 0.291256
580.000000 0.279055
582.000000 0.252506
584.000000 0.232347
586.000000 0.228974
588.000000 0.223052
590.000000 0.196351
592.000000 0.182073
594.000000 0.188413
596.000000 0.181161
598.000000 0.156175
600.000000 0.163403
602.000000 0.171971
604.000000 0.155021
606.000000 0.147811
608.000000 0.143002
610.000000 0.134111
612.000000 0.117620
614.000000 0.113459
616.000000 0.113590
618.000000 0.099438
620.000000 0.091284
622.000000 0.090143
624.000000 0.072936
626.000000 0.055944
628.000000 0.050834
630.000000 0.036810
632.000000 0.039649
634.000000 0.062582
636.000000 0.057070
638.000000 0.049356
640.000000 0.039227
642.000000 0.037358
644.000000 0.045259
646.000000 0.032669
648.000000 0.029390
650.000000 0.028573
