460.000000 0.006236
462.000000 0.002090
464.000000 0.000594
466.000000 0.002090
468.000000 0.006407
470.000000 0.007770
472.000000 0.010089
474.000000 0.016397
476.000000 0.023642
478.000000 0.034508
480.000000 0.043510
482.000000 0.053468
484.000000 0.069394
486.000000 0.097389
488.000000 0.138892
490.000000 0.176945
492.000000 0.208230
494.000000 0.238858
496.000000 0.286713
498.000000 0.343577
500.000000 0.398256
502.000000 0.461203
504.000000 0.519115
506.000000 0.557092
508.000000 0.591022
510.000000 0.644624
512.000000 0.694250
514.000000 0.727256
516.000000 0.753633
518.000000 0.754674
520.000000 0.762782
522.000000 0.791677
524.000000 0.804901
526.000000 0.810332
528.000000 0.813628
530.000000 0.812836
532.000000 0.838218
534.000000 0.854748
536.000000 0.826033
538.000000 0.825812
540.000000 0.847903
542.000000 0.852248
544.000000 0.837505
546.000000 0.817616
548.000000 0.806717
550.000000 0.798687
552.000000 0.808193
554.000000 0.791059
556.000000 0.769234
558.000000 0.776293
560.000000 0.766040
562.000000 0.731098
564.000000 0.708288
566.000000 0.695915
568.000000 0.677473
570.000000 0.657400
572.000000 0.655535
574.000000 0.641095
576.000000 0.593287
578.000000 0.577147
580.000000 0.555750
582.000000 0.520916
584.000000 0.509773
586.000000 0.506159
588.000000 0.493185
590.000000 0.468795
592.000000 0.438824
594.000000 0.407877
596.000000 0.402999
598.000000 0.405658
600.000000 0.392805
602.000000 0.372998
604.000000 0.330013
606.000000 0.318475
608.000000 0.329947
610.000000 0.293849
612.000000 0.266548
614.000000 0.255658
616.000000 0.241006
618.000000 0.234077
620.000000 0.229177
622.000000 0.219736
624.000000 0.190283
626.000000 0.171666
628.000000 0.174631
630.000000 0.164939
632.000000 0.150894
634.000000 0.120340
636.000000 0.106018
638.000000 0.125669
640.000000 0.119504
642.000000 0.112397
644.000000 0.111830
646.000000 0.096753
648.000000 0.084824
650.000000 0.081630
